       N       E                     dE             d eps       ncg     rms          rms(c)
DAV:   1    -0.177881599440E+02   -0.17788E+02   -0.50221E+02  9880   0.116E+02
RMM:   2    -0.184442209207E+02   -0.65606E+00   -0.65606E+00  7798   0.186E+01
RMM:   3    -0.184620245432E+02   -0.17804E-01   -0.17546E-01  9616   0.271E+00
RMM:   4    -0.184632240652E+02   -0.11995E-02   -0.11271E-02 10076   0.704E-01
RMM:   5    -0.184633152468E+02   -0.91182E-04   -0.84829E-04  9997   0.138E-01
RMM:   6    -0.184633205068E+02   -0.52600E-05   -0.50840E-05  9701   0.388E-02
RMM:   7    -0.184633208601E+02   -0.35333E-06   -0.32190E-06  8303   0.754E-03
RMM:   8    -0.184633208860E+02   -0.25830E-07   -0.24037E-07  7195   0.238E-03
   1 F= -.18463321E+02 E0= -.18463243E+02  d E =-.233128E-03
